[[ 0.18257419  0.36514837  0.54772256  0.73029674]
 [ 0.36514837  0.83688632 -0.24467052 -0.32622736]
 [ 0.54772256 -0.24467052  0.63299422 -0.48934104]
 [ 0.73029674 -0.32622736 -0.48934104  0.34754528]]